2 0 1 466 154 775 839 8 28
2 0 1 1102 149 1461 844 8 28
2 0 1 694 795 1180 890 8 28
2 0 1 878 57 1013 196 8 28
2 0 1 268 14 1528 58 8 28
5 0 1 760 161 891 188 8 28
5 0 0 1005 159 1122 200 8 28
4 0 1 747 240 1172 386.992 0 0 230 869
3 0 502 66 770 146 -18 13
3 1 812 60 860 197 -36 -18
3 2 1381 56 1482 200 -7 -32
3 3 708 816 1297 884 14 -29
3 4 759 172 1156 265 -47 27
6 2 0 0 0 0 4
6 0 50 0 0 0 1
6 1 35 35 0 0 1
6 0 0 0 800 0 6
6 0 3000 0 800 0 3
6 0 3000 0 800 10 3
6 0 0 0 800 200 6
6 3 0 0 0 0 4
6 0 0 0 800 200 7
6 0 0 -50 800 200 5
6 0 0 0 800 400 7
6 0 0 0 800 600 7
6 0 0 -50 800 600 5
6 1 0 0 800 600 6
6 1 0 0 800 0 6
6 0 0 0 800 0 7
6 4 4 4 800 400 0
