2 0 1 700 315 1244 360 8 28
2 0 1 701 542 1249 608 8 28
2 0 1 701 299 1245 320 8 28
2 0 1 896 427 1061 483 8 28
2 0 1 875 447 906 469 8 28
2 0 1 866 453 883 461 8 28
2 0 1 1217 334 1292 390 8 28
2 0 1 1217 507 1291 573 8 28
2 0 1 1221 320 1271 351 8 28
2 0 1 1238 566 1270 589 8 28
2 0 1 1205 530 1239 560 8 28
2 0 1 1201 350 1233 375 8 28
3 0 10 22 218 1074 -18 15
3 1 1724 19 1908 1075 35 -19
3 2 935 346 1035 582 -24 -20
3 3 1287 519 1764 564 -13 16
3 4 1275 345 1775 392 42 47
3 5 853 416 914 459 39 -1
3 6 855 460 918 490 -35 40
3 7 704 292 1235 350 -44 35
3 8 704 549 1249 612 36 -4
6 0 10 0 0 0 3
6 0 50 0 0 0 1
6 1 0 0 0 0 4
6 2 2 2 3 2 0
6 3 0 0 0 0 4
6 4 0 0 0 0 4
6 5 35 -35 0 0 1
6 6 35 35 0 0 1
6 7 0 0 0 0 4
6 8 0 0 0 0 4
